
14.341179132461548 0 0.3486463667887949 classifcation
2.3867363929748535 5 2.0949108643573107 classifcation
2.37211537361145 10 2.1078232769039817 classifcation
2.349761724472046 15 2.127875327922205 classifcation
2.335541248321533 20 2.1408313827012537 classifcation
2.322021722793579 25 2.153295962272307 classifcation
2.342576742172241 30 2.1344017935410577 classifcation
2.3402812480926514 35 2.136495348187335 classifcation
2.3751659393310547 40 2.1051160751354523 classifcation
2.3644962310791016 45 2.1146153393182257 classifcation
2.3613054752349854 50 2.1174727507470945 classifcation
2.3624281883239746 55 2.116466449525076 classifcation
2.3627357482910156 60 2.116190946709355 classifcation
2.345327138900757 65 2.131898751806315 classifcation
2.3458712100982666 70 2.131404306628817 classifcation
2.374171018600464 75 2.105998245630772 classifcation
2.3716206550598145 80 2.1082629674912723 classifcation
2.363818883895874 85 2.1152212777653103 classifcation
2.376732349395752 90 2.103728676588752 classifcation
2.362332582473755 95 2.1165521049386573 classifcation
2.394437074661255 100 2.0881734804859544 classifcation
2.373485803604126 105 2.106606238136131 classifcation
2.3678009510040283 110 2.1116639884276713 classifcation
2.375269889831543 115 2.105023947554274 classifcation
2.3580868244171143 120 2.1203629774047568 classifcation
2.3553948402404785 125 2.1227863433247207 classifcation
2.3463943004608154 130 2.1309291447810095 classifcation
2.3748297691345215 135 2.1054140658773157 classifcation
2.4145545959472656 140 2.0707752926325633 classifcation
2.439105272293091 145 2.049932020891956 classifcation
2.355144739151001 150 2.123011769460265 classifcation
2.3465986251831055 155 2.130743598986746 classifcation
2.356804609298706 160 2.1215165568976917 classifcation
2.3794212341308594 165 2.101351340518893 classifcation
2.3728814125061035 170 2.107142806904658 classifcation
2.3757123947143555 175 2.104631861636255 classifcation
2.350095272064209 180 2.127573319871515 classifcation
2.344822883605957 185 2.1323572176636265 classifcation
2.345423936843872 190 2.1318107662567254 classifcation
2.3612492084503174 195 2.1175232085229534 classifcation
2.361306667327881 200 2.117471681752433 classifcation
2.393256902694702 205 2.0892032085524206 classifcation
2.3633272647857666 210 2.1156612858918824 classifcation
2.3430094718933105 215 2.1340075915099312 classifcation
2.3719069957733154 220 2.1080084543407 classifcation
2.3603668212890625 225 2.11831481230081 classifcation
2.384650468826294 230 2.0967433447221135 classifcation
2.3432371616363525 235 2.1338002323709953 classifcation
2.3541064262390137 240 2.123948154709445 classifcation
2.3688740730285645 245 2.11070738496774 classifcation
2.3538870811462402 250 2.1241460731265063 classifcation
2.338365316390991 255 2.1382458784143052 classifcation
2.3393020629882812 260 2.1373896424529626 classifcation
2.3566346168518066 265 2.12166958944167 classifcation
2.3544092178344727 270 2.123675001832891 classifcation
2.369389295578003 275 2.1102484126738954 classifcation
2.3503336906433105 280 2.1273574981735672 classifcation
2.3459486961364746 285 2.131333906932604 classifcation
2.366389751434326 290 2.1129232819612147 classifcation
2.3573801517486572 295 2.1209985993523786 classifcation
2.3740668296813965 300 2.106090670021706 classifcation
2.317359209060669 305 2.1576283816727435 classifcation
2.361886978149414 310 2.1169514232715745 classifcation
2.3726141452789307 315 2.1073801696534127 classifcation
2.3846113681793213 320 2.096777725176056 classifcation
2.391037940979004 325 2.091142057726095 classifcation
2.353318452835083 330 2.1246593269076754 classifcation
2.350158452987671 335 2.1275161228570276 classifcation
2.3773460388183594 340 2.1031856189035105 classifcation
2.371295690536499 345 2.1085518857704177 classifcation
2.371389627456665 350 2.1084683605378425 classifcation
2.3600261211395264 355 2.118620618311536 classifcation
2.3478524684906006 360 2.1296057001462385 classifcation
2.352879524230957 365 2.1250556811378853 classifcation
2.3636789321899414 370 2.1153465184747047 classifcation
2.343872308731079 375 2.1332220110176947 classifcation
2.381343364715576 380 2.0996552089400984 classifcation
2.370481014251709 385 2.1092765434269265 classifcation
2.4018962383270264 390 2.081688592627386 classifcation
2.365326404571533 395 2.113873159466008 classifcation
2.3941831588745117 400 2.088394942327831 classifcation
2.3715944290161133 405 2.10828628150991 classifcation
2.3607780933380127 410 2.1179457798722074 classifcation
