12.159797191619873 0 0.41119106850283926 classifcation
1.3863320350646973 5 3.6066395881608986 classifcation
1.3633387088775635 10 3.667467201981303 classifcation
1.325943946838379 15 3.7708984696692136 classifcation
1.3231070041656494 20 3.7789838495738275 classifcation
1.32326340675354 25 3.778537194092648 classifcation
1.380462646484375 30 3.6219741350723997 classifcation
1.4022672176361084 35 3.5656542042170964 classifcation
1.3719351291656494 40 3.644487187262841 classifcation
1.3625831604003906 45 3.669500802087387 classifcation
1.3113362789154053 50 3.8129045008466145 classifcation
1.3182356357574463 55 3.7929485930844566 classifcation
1.3568010330200195 60 3.685138703698367 classifcation
1.358717441558838 65 3.679940984833144 classifcation
1.3450419902801514 70 3.7173560648159225 classifcation
1.361417531967163 75 3.672642582158695 classifcation
1.3224518299102783 80 3.780856048525582 classifcation
1.3033359050750732 85 3.8363095657308666 classifcation
1.3244786262512207 90 3.7750703566669896 classifcation
1.375760793685913 95 3.6343527326462706 classifcation
1.368985652923584 100 3.652339225997058 classifcation
1.3434293270111084 105 3.7218184086572768 classifcation
1.3842871189117432 110 3.611967439190468 classifcation
1.3754115104675293 115 3.6352756698251 classifcation
1.3297147750854492 120 3.7602048903146867 classifcation
1.3284096717834473 125 3.7638991240460364 classifcation
1.3663556575775146 130 3.659369339359833 classifcation
1.3174421787261963 135 3.795232975487685 classifcation
1.3231422901153564 140 3.7788830705154783 classifcation
1.2990689277648926 145 3.8489104720584213 classifcation
1.3640186786651611 150 3.6656389521681896 classifcation
1.3253555297851562 155 3.7725726324999855 classifcation
1.3659071922302246 160 3.6605708121619194 classifcation
1.3380858898162842 165 3.736680909688456 classifcation
1.3660640716552734 170 3.6601504305295505 classifcation
1.366692304611206 175 3.658467954440111 classifcation
1.3827464580535889 180 3.6159919057310095 classifcation
1.3562204837799072 185 3.6867161791160643 classifcation
1.334564447402954 190 3.7465406857869907 classifcation
1.3578345775604248 195 3.6823336823424615 classifcation
1.3665311336517334 200 3.658899440248152 classifcation
1.3320465087890625 205 3.7536226903559116 classifcation
1.3512744903564453 210 3.7002104573742653 classifcation
1.3738093376159668 215 3.639515224635702 classifcation
1.342839241027832 220 3.723453893239607 classifcation
1.3485007286071777 225 3.7078215042303584 classifcation
1.3615319728851318 230 3.6723338853400795 classifcation
1.3654816150665283 235 3.6617116955883677 classifcation
1.3543014526367188 240 3.69194021778932 classifcation
1.3609542846679688 245 3.6738926915681427 classifcation
1.375868797302246 250 3.6340674414623106 classifcation
1.3166985511779785 255 3.7973763968425214 classifcation
1.3623299598693848 260 3.670182809808706 classifcation
1.3691411018371582 265 3.651924548383535 classifcation
1.3521168231964111 270 3.6979053246153497 classifcation
1.3692803382873535 275 3.6515531992914028 classifcation
1.4021906852722168 280 3.56584881964846 classifcation
1.4198009967803955 285 3.5216202913916983 classifcation
1.3495256900787354 290 3.705005422837327 classifcation
1.3171977996826172 295 3.7959371031478835 classifcation
1.355433464050293 300 3.6888568362913583 classifcation
1.3460040092468262 305 3.714699187855922 classifcation
1.3478519916534424 310 3.7096061221576564 classifcation
1.3562595844268799 315 3.686609891949903 classifcation
1.367436170578003 320 3.6564777995352755 classifcation
1.3663506507873535 325 3.6593827485783184 classifcation
1.3518428802490234 330 3.698654683212111 classifcation
1.3812377452850342 335 3.619941619078903 classifcation
1.4023792743682861 340 3.5653692915935977 classifcation
1.3801848888397217 345 3.6227030453893345 classifcation
1.3970274925231934 350 3.579027633142295 classifcation
1.373037576675415 355 3.6415609339015167 classifcation
1.369002342224121 360 3.652294700881851 classifcation
1.3406035900115967 365 3.7296632929028246 classifcation
1.3846380710601807 370 3.6110519452723358 classifcation
1.3159656524658203 375 3.7994912637963894 classifcation
1.3500735759735107 380 3.703501860181658 classifcation
1.3807666301727295 385 3.621176736704968 classifcation
1.3946495056152344 390 3.5851301562641034 classifcation
1.3938052654266357 395 3.5873017013388373 classifcation
1.370065450668335 400 3.6494606863934402 classifcation
1.3576266765594482 405 3.6828975787888902 classifcation
1.3323168754577637 410 3.752860968815753 classifcation
