17.063971281051636 0 0.29301502666921125 classifcation
3.315528392791748 5 1.508055250219073 classifcation
3.2606513500213623 10 1.5334359498347598 classifcation
3.2737042903900146 15 1.5273218215455624 classifcation
3.293909788131714 20 1.5179529257344873 classifcation
3.2846620082855225 25 1.5222266362224048 classifcation
3.28755521774292 30 1.5208870022973375 classifcation
3.279728889465332 35 1.5245162537855712 classifcation
3.306257724761963 40 1.512283801275649 classifcation
3.280245304107666 45 1.5242762465778954 classifcation
3.2730300426483154 50 1.527636451498727 classifcation
3.2663910388946533 55 1.530741402502745 classifcation
3.27105975151062 60 1.528556608509194 classifcation
3.2901926040649414 65 1.5196678741003304 classifcation
3.2683908939361572 70 1.5298047761901723 classifcation
3.291598081588745 75 1.5190189920109158 classifcation
3.2841315269470215 80 1.522472519438975 classifcation
3.293579339981079 85 1.5181052234887786 classifcation
3.2877886295318604 90 1.5207790291287482 classifcation
3.2904388904571533 95 1.5195541283264284 classifcation
3.2862188816070557 100 1.521505468788146 classifcation
3.305884599685669 105 1.5124544881195827 classifcation
3.2836802005767822 110 1.52268177611259 classifcation
3.2736098766326904 115 1.5273658708358717 classifcation
3.2566792964935303 120 1.5353062260025128 classifcation
3.275714874267578 125 1.526384374683391 classifcation
3.280468225479126 130 1.5241726657083317 classifcation
3.2663862705230713 135 1.5307436371263317 classifcation
3.282923936843872 140 1.5230325454347522 classifcation
3.281665325164795 145 1.5236166715900306 classifcation
3.292593002319336 150 1.518559991009502 classifcation
3.303595542907715 155 1.5135024657404539 classifcation
3.2685775756835938 160 1.5297174028229374 classifcation
3.2693803310394287 165 1.5293417998909775 classifcation
3.279815435409546 170 1.5244760256991892 classifcation
3.2903475761413574 175 1.5195962992650092 classifcation
3.2792418003082275 180 1.5247427010506003 classifcation
3.2832558155059814 185 1.5228785939817033 classifcation
3.3086998462677 190 1.511167598245616 classifcation
3.3001699447631836 195 1.5150734912710062 classifcation
3.2804441452026367 200 1.5241838539796704 classifcation
3.282104015350342 205 1.5234130230532272 classifcation
3.277625799179077 210 1.5254944604269083 classifcation
3.277176856994629 215 1.5257034387168549 classifcation
3.260308027267456 220 1.5335974264341588 classifcation
3.281358480453491 225 1.5237591472508023 classifcation
3.2693376541137695 230 1.5293617634472714 classifcation
3.288893461227417 235 1.5202681567356082 classifcation
3.291644334793091 240 1.51899764720914 classifcation
3.2835543155670166 245 1.522740152734943 classifcation
3.2802393436431885 250 1.5242790163131097 classifcation
3.299285650253296 255 1.515479570438569 classifcation
3.266300678253174 260 1.5307837497293768 classifcation
3.237175226211548 265 1.544556488482546 classifcation
3.2768309116363525 270 1.525864512033411 classifcation
3.262012004852295 275 1.5327963209707445 classifcation
3.30344295501709 280 1.5135723752717665 classifcation
3.283033609390259 285 1.5229816672296037 classifcation
3.279926061630249 290 1.5244246077653374 classifcation
3.263150453567505 295 1.5322615586215613 classifcation
3.27408504486084 300 1.5271442041031398 classifcation
3.2442739009857178 305 1.5411769020121373 classifcation
3.2759625911712646 310 1.5262689548027883 classifcation
3.2817559242248535 315 1.523574609279023 classifcation
3.2404181957244873 320 1.5430107158999298 classifcation
3.2494852542877197 325 1.5387052436697362 classifcation
3.2649099826812744 330 1.5314357904268467 classifcation
3.2519497871398926 335 1.5375391156938887 classifcation
3.2582478523254395 340 1.5345671129442953 classifcation
3.2719838619232178 345 1.528124896392699 classifcation
3.266589879989624 350 1.5306482245074127 classifcation
3.277022123336792 355 1.525775479022035 classifcation
3.279165506362915 360 1.5247781761237627 classifcation
3.2707977294921875 365 1.5286790604371254 classifcation
3.274595022201538 370 1.5269063704367503 classifcation
3.278878927230835 375 1.5249114441144467 classifcation
3.277708053588867 380 1.5254561779916123 classifcation
3.2808773517608643 385 1.5239826009699733 classifcation
3.2843360900878906 390 1.522377693041213 classifcation
3.258010149002075 395 1.5346790744441035 classifcation
3.297318696975708 400 1.5163836011926863 classifcation
3.2970032691955566 405 1.5165286752111597 classifcation
3.2808680534362793 410 1.5239869200966967 classifcation
