5.43120551109314 0 0.9206059298967034 classifcation
0.6286649703979492 5 7.9533618627342415 classifcation
0.5987808704376221 10 8.350300162972347 classifcation
0.5902676582336426 15 8.470733454992846 classifcation
0.6039562225341797 20 8.27874573262971 classifcation
0.6011414527893066 25 8.317509925159735 classifcation
0.6320767402648926 30 7.910431885066021 classifcation
0.652951717376709 35 7.65753403649498 classifcation
0.611663818359375 40 8.174424986279499 classifcation
0.6482491493225098 45 7.713083781483615 classifcation
0.6365220546722412 50 7.855187362792334 classifcation
0.6530067920684814 55 7.656888198914239 classifcation
0.6222786903381348 60 8.03498509210253 classifcation
0.6307005882263184 65 7.927691987827697 classifcation
0.624922513961792 70 8.000991944267993 classifcation
0.6421782970428467 75 7.7859996562082445 classifcation
0.6188442707061768 80 8.079577103128692 classifcation
0.6259174346923828 85 7.988274048409165 classifcation
0.6291813850402832 90 7.94683396375415 classifcation
0.6218760013580322 95 8.04018805852158 classifcation
0.6132054328918457 100 8.15387426758477 classifcation
0.6319417953491211 105 7.91212107950181 classifcation
0.6191456317901611 110 8.075644474052567 classifcation
0.616168737411499 115 8.114660313674475 classifcation
0.6260600090026855 120 7.986454857522375 classifcation
0.6271023750305176 125 7.973179817341112 classifcation
0.6241936683654785 130 8.01033437761883 classifcation
0.6154167652130127 135 8.124575543971998 classifcation
0.6271975040435791 140 7.971970500145021 classifcation
0.6426105499267578 145 7.780762392665169 classifcation
0.6118621826171875 150 8.17177485722836 classifcation
0.6435410976409912 155 7.769511563951931 classifcation
0.6506457328796387 160 7.684673467189152 classifcation
0.6510741710662842 165 7.6796165816428354 classifcation
0.6377456188201904 170 7.8401165801026504 classifcation
0.6296422481536865 175 7.941017323188854 classifcation
0.5964145660400391 180 8.383430393389043 classifcation
0.6193253993988037 185 8.073300408563314 classifcation
0.6519451141357422 190 7.6693572688681035 classifcation
0.6263909339904785 195 7.982235579539858 classifcation
0.6360092163085938 200 7.861521298417763 classifcation
0.6244783401489258 205 8.006682823951266 classifcation
0.6152393817901611 210 8.126917989956214 classifcation
0.6352653503417969 215 7.870726771592076 classifcation
0.6253101825714111 220 7.996031632555407 classifcation
0.6283736228942871 225 7.9570494652051345 classifcation
0.620018720626831 230 8.064272631873218 classifcation
0.6274926662445068 235 7.968220616703934 classifcation
0.6287553310394287 240 7.952218857109705 classifcation
0.6289384365081787 245 7.949903694485017 classifcation
0.640068769454956 250 7.81166061930767 classifcation
0.6290397644042969 255 7.948623096562138 classifcation
0.6223657131195068 260 8.033861593914475 classifcation
0.6302525997161865 265 7.933327053710822 classifcation
0.6350090503692627 270 7.873903524827655 classifcation
0.6297473907470703 275 7.939691491327169 classifcation
0.6350009441375732 280 7.87400404071958 classifcation
0.6206014156341553 285 8.056700925973237 classifcation
0.6482810974121094 290 7.712703671230942 classifcation
0.6147406101226807 295 8.133511789634616 classifcation
0.6470773220062256 300 7.727051822026139 classifcation
0.6195900440216064 305 8.069852071131148 classifcation
0.6354377269744873 310 7.8685916616983445 classifcation
0.6323649883270264 315 7.906826108807686 classifcation
0.638615608215332 320 7.829435948133093 classifcation
0.620570182800293 325 8.057106413714145 classifcation
0.6488995552062988 330 7.705352792868528 classifcation
0.6342895030975342 335 7.882835795930165 classifcation
0.6220302581787109 340 8.038194178270162 classifcation
0.6471083164215088 345 7.726681720998213 classifcation
0.6459941864013672 350 7.740007735756023 classifcation
0.6273441314697266 355 7.970107233307693 classifcation
0.616419792175293 360 8.111355383894189 classifcation
0.6376898288726807 365 7.84080249302249 classifcation
0.6421551704406738 370 7.786280061513466 classifcation
0.6129019260406494 375 8.157912037085662 classifcation
0.627173900604248 380 7.972270522071743 classifcation
0.6285660266876221 385 7.954613815749298 classifcation
0.6278407573699951 390 7.96380282947039 classifcation
0.6533527374267578 395 7.65283393422762 classifcation
0.6265285015106201 400 7.980482911702376 classifcation
0.612013578414917 405 8.169753378592901 classifcation
0.6048097610473633 410 8.267062342613952 classifcation
