14.017072677612305 0 0.3567078601215978 classifcation
1.0029165744781494 5 4.985459535955585 classifcation
0.9732904434204102 10 5.1372126725385545 classifcation
0.9874370098114014 15 5.0636141346929975 classifcation
0.9788181781768799 20 5.108201003492665 classifcation
0.9597840309143066 25 5.209505304268205 classifcation
0.9911515712738037 30 5.044637111934477 classifcation
0.9828181266784668 35 5.087411255730504 classifcation
1.0083091259002686 40 4.958796733626457 classifcation
0.9639623165130615 45 5.186924752501205 classifcation
0.9688727855682373 50 5.160636230552739 classifcation
0.970334529876709 55 5.152862075963948 classifcation
0.9634356498718262 60 5.189760209376923 classifcation
0.9746792316436768 65 5.129892827990306 classifcation
0.9692316055297852 70 5.158725707533014 classifcation
0.9534070491790771 75 5.244349729011556 classifcation
0.9597749710083008 80 5.209554479991494 classifcation
0.9535927772521973 85 5.243328304570041 classifcation
0.9690804481506348 90 5.1595303666912855 classifcation
0.9603335857391357 95 5.206524143536719 classifcation
0.9590249061584473 100 5.213628934860963 classifcation
0.9848973751068115 105 5.076671058705739 classifcation
0.9663927555084229 110 5.1738798449182095 classifcation
0.9576218128204346 115 5.221267866981597 classifcation
0.9587733745574951 120 5.214996716307085 classifcation
0.9627480506896973 125 5.193466760507155 classifcation
1.0015063285827637 130 4.992479685151389 classifcation
0.9704201221466064 135 5.152407587076625 classifcation
0.9975941181182861 140 5.012058420544078 classifcation
0.9945046901702881 145 5.027628375632753 classifcation
0.9796962738037109 150 5.103622554965219 classifcation
0.9772117137908936 155 5.11659851129242 classifcation
0.9789903163909912 160 5.10730281626513 classifcation
0.9762969017028809 165 5.121392878824953 classifcation
1.0102901458740234 170 4.94907331366119 classifcation
0.9718632698059082 175 5.144756629189778 classifcation
0.9814310073852539 180 5.094601619854145 classifcation
0.9793314933776855 185 5.10552354724665 classifcation
0.9818370342254639 190 5.092494808921443 classifcation
0.7188446521759033 195 6.955605755520716 no classifcation
0.6471307277679443 200 7.72641413157089 no classifcation
0.6501336097717285 205 7.690726836527608 no classifcation
0.6694188117980957 210 7.46916565814714 no classifcation
0.6442372798919678 215 7.7611155952329405 no classifcation
0.623835563659668 220 8.014932606066907 no classifcation
0.6123523712158203 225 8.165233344442749 no classifcation
0.6135516166687012 230 8.149273613111259 no classifcation
0.6277096271514893 235 7.965466489162699 no classifcation
