16.71751856803894 0 0.29908745006924364 classifcation
1.1763098239898682 5 4.250580840208189 classifcation
1.1369061470031738 10 4.397900401171849 classifcation
1.142449140548706 15 4.376562441631803 classifcation
1.175938606262207 20 4.251922654272579 classifcation
1.1591770648956299 25 4.313404872662996 classifcation
1.176290512084961 30 4.250650624680769 classifcation
1.1576006412506104 35 4.319278878938997 classifcation
1.1563589572906494 40 4.323916867228673 classifcation
1.1440045833587646 45 4.370611860068029 classifcation
1.1501381397247314 50 4.34730388229424 classifcation
1.1641263961791992 55 4.2950662543265 classifcation
1.1647920608520508 60 4.292611675548748 classifcation
1.1785156726837158 65 4.2426249526355475 classifcation
1.154280662536621 70 4.331702126077476 classifcation
1.1621825695037842 75 4.302250034721175 classifcation
1.1531870365142822 80 4.335810099906612 classifcation
1.1454041004180908 85 4.365271608661886 classifcation
1.1570403575897217 90 4.3213704407128075 classifcation
1.151623249053955 95 4.341697689854248 classifcation
1.1619541645050049 100 4.303095726783691 classifcation
1.146953821182251 105 4.359373418230672 classifcation
1.1510593891143799 110 4.343824521380237 classifcation
1.158804178237915 115 4.314792864833325 classifcation
1.1633083820343018 120 4.2980864551636735 classifcation
1.1590681076049805 125 4.313810350913425 classifcation
1.156148910522461 130 4.324702427596902 classifcation
1.1676583290100098 135 4.2820745382249035 classifcation
1.1655712127685547 140 4.289742184112127 classifcation
1.1616370677947998 145 4.30427036001165 classifcation
1.163940191268921 150 4.295753370754411 classifcation
1.1608564853668213 155 4.3071646349290456 classifcation
1.1784706115722656 160 4.242787177636285 classifcation
1.1548974514007568 165 4.329388720994733 classifcation
1.169172763824463 170 4.276527947541797 classifcation
1.165449619293213 175 4.290189740704752 classifcation
1.1571719646453857 180 4.320878964201527 classifcation
1.166764497756958 185 4.285354936332252 classifcation
1.1398625373840332 190 4.386493841156428 classifcation
0.7182414531707764 195 6.9614472652988875 no classifcation
0.6015634536743164 200 8.311675134950894 no classifcation
0.6166458129882812 205 8.108382307454377 no classifcation
0.6321196556091309 210 7.909894836574634 no classifcation
0.6302874088287354 215 7.932888916964901 no classifcation
0.6241905689239502 220 8.01037415323266 no classifcation
0.6334421634674072 225 7.893380466861308 no classifcation
0.6224269866943359 230 8.033070716542406 no classifcation
0.6220567226409912 235 8.037852205458215 no classifcation
