5.450022220611572 0 0.9174274521469615 classifcation
0.6383891105651855 5 7.832213797590228 classifcation
0.6300773620605469 10 7.935533477426425 classifcation
0.6481418609619141 15 7.714360545358771 classifcation
0.6287646293640137 20 7.952101257759088 classifcation
0.6102032661437988 25 8.19399088372253 classifcation
0.6511709690093994 30 7.678474990379718 classifcation
0.6257827281951904 35 7.989993610754354 classifcation
0.6489746570587158 40 7.704461099699963 classifcation
0.6339735984802246 45 7.886763757964227 classifcation
0.6285169124603271 50 7.955235413518975 classifcation
0.6407606601715088 55 7.803225620408217 classifcation
0.6440401077270508 60 7.763491652167475 classifcation
0.6355562210083008 65 7.86712462993057 classifcation
0.6240761280059814 70 8.011843067889432 classifcation
0.6343884468078613 75 7.881606333090049 classifcation
0.6246752738952637 80 8.004158654818673 classifcation
0.6304187774658203 85 7.931235836754699 classifcation
0.6511087417602539 90 7.679208831511988 classifcation
0.6176102161407471 95 8.095721005464313 classifcation
0.6379134654998779 100 7.838053702286924 classifcation
0.6216485500335693 105 8.04312983554775 classifcation
0.617603063583374 110 8.095814763271521 classifcation
0.6193282604217529 115 8.073263113482142 classifcation
0.6138815879821777 120 8.14489324632613 classifcation
0.6205801963806152 125 8.056976405565788 classifcation
0.6336698532104492 130 7.8905442237275585 classifcation
0.645897626876831 135 7.741164840900509 classifcation
0.6274139881134033 140 7.969219836865135 classifcation
0.5960280895233154 145 8.388866377084414 classifcation
0.6110472679138184 150 8.182673031286994 classifcation
0.6163833141326904 155 8.111835420197044 classifcation
0.6632809638977051 160 7.538283581392105 classifcation
0.6368587017059326 165 7.851035067286768 classifcation
0.6514303684234619 170 7.675417423508499 classifcation
0.601982831954956 175 8.30588471063595 classifcation
0.5961976051330566 180 8.38648118837063 classifcation
0.588395357131958 185 8.497687718631441 classifcation
0.6171338558197021 190 8.101970022951987 classifcation
0.5981945991516113 195 8.358484023579022 no classifcation
0.6366062164306641 200 7.854148877204021 no classifcation
0.6271035671234131 205 7.97316466072024 no classifcation
0.6044375896453857 210 8.272152635201632 no classifcation
0.61733078956604 215 8.099385425947746 no classifcation
0.610645055770874 220 8.188062693290844 no classifcation
0.6091468334197998 225 8.208201579132561 no classifcation
0.6210112571716309 230 8.051383839275774 no classifcation
0.620490312576294 235 8.058143533683634 no classifcation
