11.941900730133057 0 0.41869381708922393 classifcation
0.7556025981903076 5 6.617235054478584 classifcation
0.7665760517120361 10 6.522510048198384 classifcation
0.7622900009155273 15 6.559183504958596 classifcation
0.7776033878326416 20 6.430013138106488 classifcation
0.7817602157592773 25 6.395823040372804 classifcation
0.7763392925262451 30 6.440482979715945 classifcation
0.7467901706695557 35 6.695321117466115 classifcation
0.7636415958404541 40 6.5475741856322855 classifcation
0.7365269660949707 45 6.788617701955641 classifcation
0.7693026065826416 50 6.499393031060632 classifcation
0.7699697017669678 55 6.493762012356761 classifcation
0.7642312049865723 60 6.5425226912683465 classifcation
0.7464988231658936 65 6.697934202756079 classifcation
0.7757227420806885 70 6.445601925487849 classifcation
0.7427644729614258 75 6.731608985099731 classifcation
0.7870290279388428 80 6.353005826347402 classifcation
0.7780628204345703 85 6.426216326860802 classifcation
0.7859339714050293 90 6.361857588445253 classifcation
0.760505199432373 95 6.5745770097718035 classifcation
0.7693870067596436 100 6.4986800609722275 classifcation
0.7937710285186768 105 6.299045720188255 classifcation
0.7622132301330566 110 6.559844151651854 classifcation
0.7867801189422607 115 6.355015689417711 classifcation
0.7582254409790039 120 6.594344807982321 classifcation
0.7765452861785889 125 6.438774517073183 classifcation
0.7908785343170166 130 6.322083332705291 classifcation
0.7669165134429932 135 6.519614472184217 classifcation
0.74723219871521 140 6.691360474825621 classifcation
0.7854604721069336 145 6.365692708364952 classifcation
0.7823944091796875 150 6.390638712823013 classifcation
0.774099588394165 155 6.459117244038685 classifcation
0.764667272567749 160 6.538791680216709 classifcation
0.7803781032562256 165 6.40715055834713 classifcation
0.7574825286865234 170 6.6008123100476155 classifcation
0.7468006610870361 175 6.695227067316794 classifcation
0.7833404541015625 180 6.382920700469447 classifcation
0.796952486038208 185 6.273899746339818 classifcation
0.7843136787414551 190 6.3750003799796335 classifcation
0.6339044570922852 195 7.887623985063871 no classifcation
0.5969493389129639 200 8.375920156147467 no classifcation
0.6061708927154541 205 8.248498996053042 no classifcation
0.6296977996826172 210 7.940316771823119 no classifcation
0.597320556640625 215 8.370714760128749 no classifcation
0.6169829368591309 220 8.10395182961372 no classifcation
0.6404585838317871 225 7.806906061100154 no classifcation
0.6102519035339355 230 8.193337818440668 no classifcation
0.6133506298065186 235 8.151944021932854 no classifcation
